399.300000000000
357.300000000000
427.700000000000
353.700000000000
304.100000000000
359.600000000000
323.100000000000
166.800000000000
357.200000000000
454.600000000000
319.900000000000
349.300000000000
346.800000000000
238.200000000000
364.400000000000
205.100000000000
389.900000000000
232.800000000000
211.700000000000
377.900000000000
251.300000000000
208.400000000000
354.600000000000
249.100000000000
254
409.100000000000
299.400000000000
174.200000000000
223.900000000000
289.300000000000
419
348.600000000000
252.100000000000
287.900000000000
423.600000000000
428.700000000000
312.900000000000
256.400000000000
338.200000000000
216.600000000000
414
241.200000000000
211.100000000000
102.600000000000
276.100000000000
338.500000000000
403.400000000000
397.800000000000
99
291.900000000000
323.700000000000
317.400000000000
121.900000000000
352.600000000000
343.700000000000
267.800000000000
309.700000000000
194
268.100000000000
386.600000000000
114.300000000000
256.600000000000
515.600000000000
312.600000000000
203
423.100000000000
109.200000000000
181.600000000000
249.100000000000
386.200000000000
427.800000000000
237.400000000000
365.500000000000
401.800000000000
453.700000000000
418.900000000000
298.300000000000
446.100000000000
310
208.200000000000
271.700000000000
367.300000000000
444.500000000000
452.700000000000
348.500000000000
453.700000000000
301.200000000000
121.100000000000
265.900000000000
109.900000000000
415.600000000000
308.900000000000
166.200000000000
194.700000000000
245.400000000000
237.300000000000
416.700000000000
387.300000000000
283.500000000000
295.800000000000
347.500000000000
333.800000000000
279.900000000000
412.400000000000
255.100000000000
444.400000000000
297.200000000000
367.800000000000
258.800000000000
104.400000000000
448.300000000000
333.600000000000
365
350.400000000000
384
485.600000000000
378.300000000000
413.300000000000
504.400000000000
386.200000000000
199.300000000000
277.400000000000
105.600000000000
370.500000000000
461.100000000000
378.700000000000
380.500000000000
214.500000000000
286.900000000000
342.900000000000
315.900000000000
406.100000000000
400.900000000000
276.600000000000
316.300000000000
365.600000000000
347.600000000000
192.700000000000
90.5000000000000
187.200000000000
237.400000000000
313.200000000000
333.700000000000
501.300000000000
375.900000000000
483.800000000000
134.300000000000
357.100000000000
462.500000000000
256.800000000000
454
429.400000000000
224.300000000000
379.900000000000
214.600000000000
174.600000000000
273.200000000000
284.800000000000
299.800000000000
262.200000000000
273.200000000000
376.100000000000
450.800000000000
162.600000000000
260.500000000000
347.800000000000
404.500000000000
391.900000000000
338.900000000000
115.500000000000
364.600000000000
410.700000000000
145
288.600000000000
252.100000000000
308.900000000000
270.400000000000
468.100000000000
190.100000000000
234.800000000000
425.800000000000
353.600000000000
299.600000000000
287.100000000000
359.300000000000
379.700000000000
379.300000000000
460.600000000000
126.500000000000
306.700000000000
65.2000000000000
372.600000000000
391.600000000000
340.700000000000
97.2000000000000
60.2000000000000
498.400000000000
227.600000000000
403.100000000000
288.600000000000
316.200000000000
177.800000000000
391.700000000000
314.200000000000
267.100000000000
287.900000000000
321.400000000000
308.500000000000
371.500000000000
365.900000000000
57.5000000000000
156
316
390.700000000000
401.200000000000
355.900000000000
289.800000000000
423.600000000000
249.200000000000
145.500000000000
378.200000000000
388
427.800000000000
388
452.300000000000
334
462
481.200000000000
330.800000000000
409.600000000000
427.700000000000
442.900000000000
315.300000000000
386.100000000000
447.200000000000
399.600000000000
442.500000000000
312.600000000000
406.100000000000
496.200000000000
291.300000000000
212.500000000000
403
345.800000000000
463.500000000000
323
250.200000000000
366.600000000000
434.600000000000
352.600000000000
276.100000000000
323.400000000000
302.200000000000
159.700000000000
346.900000000000
420.500000000000
338
268
427.200000000000
395.100000000000
390.300000000000
348.500000000000
338.900000000000
268.100000000000
336.700000000000
504.400000000000
321.600000000000
368.200000000000
320.800000000000
382.900000000000
232.100000000000
248.100000000000
169.700000000000
373.800000000000
412.800000000000
393.700000000000
382
174.200000000000
330.500000000000
409.900000000000
409
293.700000000000
257.700000000000
187.300000000000
369.700000000000
338.500000000000
63.4000000000000
304.500000000000
310.600000000000
392.500000000000
405
346.300000000000
197.100000000000
347.200000000000
378
307.800000000000
231.800000000000
255
507.500000000000
321
404.300000000000
349.400000000000
401.500000000000
458.600000000000
360.200000000000
355
359.300000000000
142.100000000000
446.900000000000
427.900000000000
370.500000000000
271.900000000000
283.100000000000
153.800000000000
330.300000000000
350.700000000000
378.200000000000
1.80000000000000
212
316.700000000000
288.900000000000
455.900000000000
443.400000000000
460.600000000000
229.800000000000
206.700000000000
342.300000000000
347.100000000000
371.400000000000
270.300000000000
298.400000000000
281
189.500000000000
161.900000000000
337
274.500000000000
506.500000000000
377.400000000000
342.300000000000
375.800000000000
479.100000000000
307.400000000000
434
427.400000000000
406.500000000000
128.600000000000
288.100000000000
266.600000000000
355.300000000000
193.800000000000
292.600000000000
415.700000000000
248.900000000000
106.600000000000
526
349.900000000000
246.400000000000
310.400000000000
380.100000000000
339.100000000000
310.400000000000
349.500000000000
217.600000000000
399
401.900000000000
322.600000000000
385.100000000000
301.300000000000
377.900000000000
203.700000000000
327.800000000000
364.300000000000
202.900000000000
142.600000000000
281
312.300000000000
385.700000000000
190.500000000000
429.100000000000
236.100000000000
293.900000000000
306.300000000000
474.500000000000
215.700000000000
421.700000000000
337.600000000000
275.800000000000
428.400000000000
335.500000000000
316.600000000000
398.800000000000
288.600000000000
472.700000000000
338.500000000000
388.800000000000
367.100000000000
229.200000000000
406.300000000000
415.900000000000
121.700000000000
351.900000000000
258.100000000000
383
322.700000000000
394.600000000000
331.400000000000
348.100000000000
235.900000000000
289.600000000000
267.200000000000
411.500000000000
475.700000000000
354.100000000000
425.400000000000
485
359.400000000000
396.300000000000
301.500000000000
321.400000000000
143.600000000000
397.400000000000
285.600000000000
410.800000000000
504.300000000000
321.900000000000
287.200000000000
134.900000000000
434.500000000000
372.900000000000
310.300000000000
469.600000000000
377.400000000000
361.700000000000
329.100000000000
419.900000000000
140.300000000000
318.700000000000
272.100000000000
224.300000000000
202.100000000000
429
149.300000000000
460.800000000000
371.700000000000
74
48.6000000000000
412
317.700000000000
407
236.200000000000
398.300000000000
248.200000000000
521.800000000000
446.700000000000
338.200000000000
433.800000000000
356.800000000000
391.400000000000
341.200000000000
222.900000000000
431
329.100000000000
524.200000000000
293.600000000000
229.600000000000
378.900000000000
273
182.600000000000
424
370.100000000000
447.900000000000
304.800000000000
401
398
288.500000000000
434.300000000000
263.900000000000
209.500000000000
314.900000000000
245.800000000000
28.6000000000000
352.200000000000
362.700000000000
362.500000000000
367.200000000000
411.200000000000
116.800000000000
367.200000000000
342.100000000000
369.400000000000
426.700000000000
255.600000000000
147.600000000000
273.100000000000
393.800000000000
325.200000000000
310.100000000000
211.300000000000
254.700000000000
368
401.200000000000
373
343.400000000000
509.600000000000
316.200000000000
324
258.400000000000
361.300000000000
302.100000000000
268.200000000000
349.900000000000
394.300000000000
472.500000000000
389.700000000000
348.700000000000
313.100000000000
203.400000000000
232
371.800000000000
459.100000000000
356.800000000000
425
234.300000000000
367.900000000000
273.600000000000
100.500000000000
402.200000000000
308.900000000000
163.200000000000
445.100000000000
297.500000000000
345.900000000000
244.500000000000
360.900000000000
290.300000000000
321.100000000000
300.600000000000
279.900000000000
255.900000000000
388.300000000000
244.800000000000
463.300000000000
438.900000000000
258.500000000000
237.400000000000
249.600000000000
247.500000000000
244.400000000000
307.800000000000
403.800000000000
352.600000000000
223.900000000000
398.800000000000
492.300000000000
200.800000000000
411.900000000000
244
304.700000000000
276.100000000000
309.300000000000
277.800000000000
170.500000000000
365
130
227.300000000000
325.400000000000
258.900000000000
305.500000000000
348
129.800000000000
423.300000000000
413.600000000000
160.600000000000
215.900000000000
77.5000000000000
346.400000000000
373.600000000000
386
233.200000000000
467.700000000000
321.900000000000
142.400000000000
216.400000000000
281.400000000000
421.100000000000
123
286.900000000000
358
404.400000000000
125.100000000000
394.200000000000
131.800000000000
266.900000000000
257.700000000000
434.200000000000
349.900000000000
326.100000000000
380.500000000000
179.200000000000
422.500000000000
332.600000000000
51.6000000000000
208.400000000000
253.800000000000
118.600000000000
367.500000000000
104.700000000000
325.600000000000
321
260.200000000000
346.500000000000
263.500000000000
437.200000000000
54.1000000000000
340.600000000000
291
291.800000000000
93.6000000000000
368.700000000000
338.300000000000
387.700000000000
394.300000000000
247.300000000000
226.700000000000
290.500000000000
376.400000000000
187.400000000000
308.200000000000
84.2000000000000
149.600000000000
374.200000000000
397.400000000000
432.700000000000
433.600000000000
355.400000000000
191
142.100000000000
390.800000000000
381.900000000000
354.600000000000
378.700000000000
228.200000000000
395.300000000000
476.700000000000
305.600000000000
247
320.800000000000
364.500000000000
411.700000000000
451.300000000000
189.400000000000
370.900000000000
156.800000000000
173.600000000000
190.900000000000
329.200000000000
321.200000000000
312.300000000000
396.200000000000
332.400000000000
364.500000000000
321.600000000000
279.600000000000
252.400000000000
475.700000000000
254.600000000000
394
324.900000000000
275.500000000000
352.400000000000
57.6000000000000
142.800000000000
437.200000000000
431
405.400000000000
434.300000000000
366.900000000000
390.600000000000
370.200000000000
226.300000000000
314
393.700000000000
28.6000000000000
338.600000000000
309.100000000000
138.700000000000
311.300000000000
407.800000000000
352.900000000000
381.700000000000
445.400000000000
277.100000000000
382.800000000000
418.400000000000
309.100000000000
330.700000000000
360.700000000000
318.100000000000
218.800000000000
238.600000000000
303.400000000000
81.9000000000000
384
142.100000000000
308.700000000000
335.600000000000
351
309.800000000000
157.600000000000
262.200000000000
151.400000000000
378.900000000000
284.100000000000
360.600000000000
321.200000000000
295.100000000000
277.600000000000
173.200000000000
291.500000000000
293.600000000000
321.300000000000
395.500000000000
369.700000000000
410.900000000000
328.500000000000
412.500000000000
317.200000000000
254.800000000000
355.400000000000
340.200000000000
335.200000000000
298.200000000000
305.700000000000
194.300000000000
265.300000000000
59.3000000000000
443.700000000000
350.800000000000
425.200000000000
305.800000000000
300.100000000000
338.200000000000
347.800000000000
327.100000000000
345.800000000000
191.800000000000
386.700000000000
360.400000000000
285.600000000000
272.700000000000
258.500000000000
201.300000000000
280.100000000000
405.900000000000
241.900000000000
148.200000000000
324.400000000000
185.400000000000
300.800000000000
165
376.600000000000
282.800000000000
341
361.200000000000
360.700000000000
371.900000000000
268.600000000000
160.900000000000
356.300000000000
255.400000000000
426.200000000000
268.300000000000
375.300000000000
278.800000000000
289.800000000000
347
430.600000000000
254.700000000000
454.300000000000
381
46.4000000000000
411.200000000000
370.700000000000
340.100000000000
281.200000000000
279.600000000000
154.700000000000
315.500000000000
361.800000000000
342.300000000000
300.700000000000
444.800000000000
288.500000000000
452.900000000000
107.500000000000
311.100000000000
371.900000000000
372.400000000000
328
351.500000000000
382.900000000000
397
280.900000000000
340.500000000000
412.600000000000
346.200000000000
327.600000000000
412
367.900000000000
175.400000000000
326.100000000000
89.9000000000000
311.500000000000
431.400000000000
125.100000000000
451.200000000000
217.300000000000
291.400000000000
229.200000000000
168.100000000000
308.900000000000
259.800000000000
171.700000000000
325.400000000000
244.200000000000
285.100000000000
339.200000000000
336.800000000000
305.900000000000
296
294.600000000000
261
217.100000000000
188.500000000000
82.8000000000000
384.600000000000
326.800000000000
377
386.600000000000
256.400000000000
223.800000000000
143.800000000000
307
372.200000000000
480.100000000000
337.600000000000
124.200000000000
344.600000000000
260.100000000000
335.500000000000
311.700000000000
182.400000000000
294.400000000000
387.500000000000
436.400000000000
370
472.300000000000
187.900000000000
359.300000000000
296.400000000000
340.100000000000
226
298.400000000000
282.100000000000
287.300000000000
292.300000000000
181.200000000000
325.900000000000
401.300000000000
283.100000000000
325.300000000000
182.900000000000
343.100000000000
329.300000000000
286.900000000000
415.200000000000
283.300000000000
315.100000000000
243.800000000000
389.100000000000
258.200000000000
331.500000000000
332.900000000000
418.600000000000
446.500000000000
129.400000000000
482.100000000000
356.100000000000
150.900000000000
232.300000000000
288.300000000000
307.300000000000
385.800000000000
435.200000000000
355.500000000000
458.800000000000
385.100000000000
331.800000000000
411
401
191.400000000000
386.500000000000
352.600000000000
299.400000000000
408.300000000000
118
168.600000000000
453.100000000000
299
333.200000000000
429.900000000000
282
363.300000000000
378.300000000000
237.300000000000
338.500000000000
314.700000000000
351
335.900000000000
329.900000000000
263
420.500000000000
445.900000000000
398.300000000000
470.600000000000
331.300000000000
179.600000000000
360.200000000000
222.500000000000
413.200000000000
449.700000000000
173.500000000000
266.900000000000
396.400000000000
311.300000000000
323.800000000000
106.600000000000
342.500000000000
342.400000000000
381.800000000000
154.100000000000
393.200000000000
223.700000000000
332.900000000000
439.200000000000
493.100000000000
477.600000000000
269.900000000000
384.700000000000
229.700000000000
414.600000000000
361.900000000000
172.600000000000
344.200000000000
465.200000000000
409.400000000000
384.600000000000
372.500000000000
247.400000000000
119.900000000000
316.400000000000
182.500000000000
207.800000000000
305.500000000000
363.800000000000
475.100000000000
260.600000000000
333
442.600000000000
210.400000000000
393.800000000000
173.200000000000
422.200000000000
330.900000000000
476.200000000000
385.300000000000
377.100000000000
34.4000000000000
229.400000000000
253
156.700000000000
380.200000000000
402.900000000000
283.100000000000
193.700000000000
363.800000000000
405.100000000000
365.600000000000
195.600000000000
294
366.700000000000
329.400000000000
481.100000000000
255.900000000000
416.400000000000
292.500000000000
194
158.800000000000
381.100000000000
292