246.600000000000
222.300000000000
219.800000000000
207.400000000000
271.200000000000
798.800000000000
248
715.700000000000
165.800000000000
680.400000000000
381.300000000000
504.200000000000
315.900000000000
133.700000000000
268.800000000000
335.100000000000
104.400000000000
72.8000000000000
218.100000000000
694.400000000000
286.700000000000
535.900000000000
245.900000000000
549
293.300000000000
561.500000000000
131.200000000000
187.700000000000
354.500000000000
240.900000000000
16.1000000000000
247.700000000000
228.200000000000
250.400000000000
173.100000000000
186.500000000000
312.900000000000
313.100000000000
168.600000000000
697.400000000000
103.500000000000
182.900000000000
284.900000000000
384.200000000000
154.800000000000
693.600000000000
258.800000000000
103.700000000000
342.800000000000
214.700000000000
397.900000000000
747.700000000000
348.700000000000
281.800000000000
129.100000000000
217.400000000000
294.400000000000
56.4000000000000
215.700000000000
311.500000000000
168.400000000000
167.400000000000
343.700000000000
304.700000000000
298.800000000000
755.500000000000
325.200000000000
229.600000000000
288.900000000000
520.100000000000
821.400000000000
462.900000000000
236.700000000000
378.400000000000
709.200000000000
340.400000000000
276.500000000000
216.900000000000
313.400000000000
233.300000000000
742.300000000000
264.800000000000
746.300000000000
343.700000000000
356.600000000000
739.300000000000
710
454.300000000000
159.700000000000
448.900000000000
271.400000000000
221.200000000000
289.600000000000
450.800000000000
294.700000000000
207.400000000000
238.700000000000
175.800000000000
237.700000000000
177.200000000000
457.600000000000
247.700000000000
52.2000000000000
224.600000000000
459.600000000000
215.200000000000
398.800000000000
292.200000000000
159
290.200000000000
215.900000000000
360.600000000000
370.300000000000
267
173.500000000000
149.100000000000
212.100000000000
327.900000000000
419.500000000000
340.300000000000
217
152.900000000000
202
350.300000000000
113.300000000000
281.900000000000
793.600000000000
591.300000000000
306.600000000000
388.700000000000
376.900000000000
351.800000000000
344.100000000000
215.600000000000
308.800000000000
321.700000000000
427.800000000000
65.2000000000000
188.700000000000
798.800000000000
431.300000000000
326.600000000000
346.100000000000
421.500000000000
214.600000000000
339.100000000000
82
296.400000000000
291.400000000000
532.900000000000
176.200000000000
694.400000000000
771.800000000000
231.700000000000
323.500000000000
290.800000000000
269.800000000000
240.100000000000
232.600000000000
120.100000000000
249.500000000000
199.300000000000
278.100000000000
353.900000000000
150.100000000000
443
691.600000000000
446.300000000000
277.700000000000
337.100000000000
269
257.800000000000
86.7000000000000
684.700000000000
94.3000000000000
275
248.200000000000
293.100000000000
848.200000000000
582.900000000000
63.1000000000000
398.200000000000
277.800000000000
249.500000000000
438.400000000000
534.700000000000
850.200000000000
180.100000000000
528.100000000000
224.100000000000
255.700000000000
430.200000000000
243
260.100000000000
124.700000000000
340.100000000000
368.700000000000
221.900000000000
233.800000000000
370.300000000000
792.200000000000
353.300000000000
124
273.400000000000
327.800000000000
290.200000000000
152.300000000000
213.100000000000
796.600000000000
409.400000000000
698.100000000000
237
186.300000000000
345.400000000000
239.100000000000
263.700000000000
613.200000000000
454
249.800000000000
370.100000000000
218.400000000000
218.900000000000
220.500000000000
77.2000000000000
660.400000000000
347.800000000000
197.300000000000
281.500000000000
405.800000000000
246.500000000000
190.600000000000
364.400000000000
392.800000000000
350.900000000000
322
386.100000000000
285.900000000000
231.100000000000
15.6000000000000
308.400000000000
168.300000000000
179.700000000000
157.100000000000
284
67.4000000000000
273.500000000000
96.3000000000000
264.800000000000
164
305.500000000000
432.500000000000
121.300000000000
196.700000000000
202
238.100000000000
255
137.500000000000
254.500000000000
343.600000000000
295.900000000000
239.600000000000
337.800000000000
344.700000000000
147
264
705.200000000000
304.900000000000
307.400000000000
387.500000000000
202.400000000000
351.100000000000
219.900000000000
305.100000000000
327.600000000000
252
203.100000000000
701.800000000000
266.800000000000
292.300000000000
327.600000000000
340.400000000000
263.900000000000
168.900000000000
351.400000000000
680.200000000000
243.700000000000
329
556.800000000000
277.100000000000
325.700000000000
271.600000000000
134.700000000000
136.900000000000
134
265.900000000000
708.200000000000
327.200000000000
690.800000000000
107.800000000000
223.900000000000
726.500000000000
54.3000000000000
166.300000000000
381.800000000000
454.400000000000
317.100000000000
287.900000000000
715.100000000000
373.900000000000
354.300000000000
375.800000000000
533.800000000000
749.900000000000
783.600000000000
663
215.900000000000
105.100000000000
435.800000000000
172.200000000000
87.3000000000000
391.800000000000
295.100000000000
231.800000000000
307.600000000000
499.600000000000
330.400000000000
258.300000000000
296.900000000000
173.600000000000
198.100000000000
184.600000000000
207.300000000000
714.700000000000
330.100000000000
446.800000000000
249.100000000000
166.600000000000
373.300000000000
532.300000000000
239.100000000000
171.800000000000
834.200000000000
741.600000000000
160.100000000000
689.200000000000
259.600000000000
192.500000000000
149.600000000000
207.500000000000
296.400000000000
119.500000000000
314.400000000000
81.8000000000000
268.600000000000
232.100000000000
716.500000000000
222.600000000000
260.700000000000
337.600000000000
246.800000000000
149.500000000000
127.700000000000
223.300000000000
439.500000000000
324.800000000000
184.900000000000
779.800000000000
263.500000000000
456.800000000000
294.700000000000
77.5000000000000
44.4000000000000
402.300000000000
266.400000000000
217.800000000000
517
335.700000000000
216.400000000000
331.200000000000
208.800000000000
169.800000000000
243.100000000000
294.200000000000
683.700000000000
378.300000000000
155.700000000000
27
144.500000000000
657.200000000000
342
137.300000000000
743.400000000000
140.300000000000
280
240.900000000000
273.100000000000
105.200000000000
231.300000000000
209.100000000000
202
723.100000000000
85
597
243
338.200000000000
732.800000000000
126.300000000000
347.500000000000
256
136.200000000000
279.800000000000
270.600000000000
538.400000000000
337.300000000000
214
336.100000000000
331.500000000000
570
545.900000000000
232.900000000000
260.300000000000
417.200000000000
675.700000000000
523
282.200000000000
309.700000000000
679.800000000000
165.400000000000
244.800000000000
207.200000000000
449
112.400000000000
215.100000000000
299.900000000000
321.800000000000
255.300000000000
206.800000000000
257.300000000000
247.100000000000
127.600000000000
146.800000000000
318.500000000000
335.700000000000
467.900000000000
282.300000000000
224
167.200000000000
98.3000000000000
193.700000000000
242.600000000000
304.100000000000
304.700000000000
396.900000000000
311.700000000000
135.500000000000
329.700000000000
113.500000000000
242.300000000000
217.300000000000
374
110.400000000000
382.900000000000
199.900000000000
195.900000000000
57.8000000000000
147.500000000000
186.500000000000
188.600000000000
595.300000000000
213.900000000000
128
399.900000000000
340.100000000000
319.500000000000
235.600000000000
349.600000000000
197
224.300000000000
239.700000000000
189.700000000000
344.100000000000
371.100000000000
53.4000000000000
239.300000000000
199.600000000000
686.400000000000
386.500000000000
246.300000000000
347.700000000000
353.300000000000
311.700000000000
746.400000000000
398.800000000000
294.500000000000
126.300000000000
551.200000000000
206.500000000000
271.200000000000
231.500000000000
382.700000000000
416.300000000000
416.600000000000
537.800000000000
122.600000000000
340.300000000000
283.100000000000
233
311.100000000000
238.100000000000
185.200000000000
208.200000000000
128.900000000000
156.900000000000
228.500000000000
313.100000000000
158.900000000000
107.700000000000
47.4000000000000
393.800000000000
346.100000000000
141
362.700000000000
163.200000000000
140.800000000000
345.700000000000
154.100000000000
104.600000000000
148.800000000000
63.2000000000000
176.900000000000
112.800000000000
89.8000000000000
224.200000000000
287.200000000000
250.500000000000
826.900000000000
264
157.700000000000
396.400000000000
373.900000000000
122.700000000000
273.300000000000
219.200000000000
254.400000000000
261.300000000000
530.100000000000
357.100000000000
62.3000000000000
76.9000000000000
198.400000000000
314.500000000000
683.200000000000
232.700000000000
265.100000000000
129.100000000000
360.800000000000
363.900000000000
399.600000000000
713.700000000000
97.4000000000000
414.100000000000
272.200000000000
214.400000000000
95.3000000000000
403.400000000000
574.100000000000
394.800000000000
460.900000000000
235.800000000000
177.900000000000
246
206
73.1000000000000
219.300000000000
199.800000000000
183.300000000000
236.900000000000
294
143
178.700000000000
278.800000000000
254.400000000000
370.600000000000
221.600000000000
420.400000000000
643.800000000000
387.800000000000
232.600000000000
362.800000000000
86.1000000000000
320.600000000000
136.400000000000
99.6000000000000
102.800000000000
78.7000000000000
735.700000000000
290.200000000000
382.400000000000
311.500000000000
372.700000000000
227.900000000000
484.300000000000
280.300000000000
137.800000000000
425.700000000000
339.900000000000
247
362.500000000000
257.900000000000
103.300000000000
309.900000000000
221.200000000000
255.200000000000
310.300000000000
226.700000000000
155.500000000000
810.800000000000
133.800000000000
232.600000000000
89.9000000000000
673.900000000000
244.400000000000
802.700000000000
296.100000000000
302.600000000000
176.300000000000
189.200000000000
277.800000000000
191
704.700000000000
213.900000000000
731.900000000000
428.600000000000
237.400000000000
73.3000000000000
234.700000000000
247.800000000000
125.900000000000
758.700000000000
177.400000000000
164.600000000000
284.500000000000
284.900000000000
100.200000000000
242.600000000000
309.800000000000
824.600000000000
262.700000000000
352.100000000000
66
158.300000000000
575.100000000000
96.6000000000000
82
306.300000000000
234.500000000000
190.900000000000
587.900000000000
346.500000000000
244
252.700000000000
184.400000000000
198.700000000000
548.800000000000
670.800000000000
399
200.400000000000
309.400000000000
183
144.500000000000
348.500000000000
627.100000000000
379.300000000000
438.200000000000
193.400000000000
248.500000000000
257.900000000000
702.700000000000
132.700000000000
292.200000000000
322.600000000000
214.800000000000
181.100000000000
254.800000000000
241.300000000000
163.200000000000
563.100000000000
264.300000000000
341.300000000000
186.900000000000
273.500000000000
99.1000000000000
281.100000000000
211
347
377.600000000000
249.900000000000
301.100000000000
369.200000000000
319.200000000000
308.600000000000
112.600000000000
244.800000000000
86.1000000000000
254.200000000000
336.400000000000
306.600000000000
771.100000000000
264.600000000000
396.300000000000
304.600000000000
72.6000000000000
286.100000000000
254.600000000000
191.100000000000
195.700000000000
263.700000000000
666.900000000000
227.800000000000
216.200000000000
241.600000000000
282.100000000000
427
197.500000000000
74.1000000000000
222
220.900000000000
442.300000000000
149.600000000000
428.200000000000
513.300000000000
299.200000000000
69.1000000000000
284.700000000000
360.100000000000
352.800000000000
563
354.400000000000
705.400000000000
55.5000000000000
434.200000000000
86.7000000000000
287.400000000000
334.600000000000
381.100000000000
214.700000000000
316.100000000000
555.400000000000
330.700000000000
402.300000000000
279.600000000000
253.400000000000
539
357.500000000000
443
55
127.100000000000
296
503.400000000000
209.100000000000
394.700000000000
328.700000000000
365.600000000000
565.100000000000
389.600000000000
185.300000000000
94.2000000000000
158.800000000000
362.300000000000
145.400000000000
191.500000000000
268.200000000000
271.700000000000
123.900000000000
284.400000000000
116.200000000000
165.600000000000
377.500000000000
232.700000000000
223.300000000000
433.200000000000
783.900000000000
758.200000000000
307
196.900000000000
218.900000000000
342.700000000000
306.100000000000
182
740.100000000000
233.200000000000
156.700000000000
230.800000000000
136.900000000000
392.200000000000
407.400000000000
310.600000000000
117.800000000000
178.800000000000
394.600000000000
238.500000000000
463.800000000000
148.200000000000
353
177.500000000000
251.400000000000
234.100000000000
674.700000000000
462.700000000000
325.600000000000
521
189.600000000000
109.100000000000
344.400000000000
293.400000000000
287.700000000000
205.800000000000
495.700000000000
438.600000000000
66.1000000000000
274.600000000000
717.200000000000
269.700000000000
488.800000000000
293.500000000000
262.400000000000
76.7000000000000
283.700000000000
537.600000000000
609.500000000000
216.600000000000
147.600000000000
1.90000000000000
227.500000000000
291.800000000000
447
342.600000000000
640.500000000000
382.300000000000
166.600000000000
749.700000000000
236.900000000000
314.500000000000
368.700000000000
529.400000000000
232.400000000000
271
165.800000000000
272
269
144.900000000000
329.500000000000
568.500000000000
260.400000000000
170.300000000000
219.900000000000
105.200000000000
106.100000000000
79.2000000000000
298.400000000000
302.500000000000
223.100000000000
381.400000000000
341.600000000000
709.900000000000
277.700000000000
288
404.700000000000
305.200000000000
388.700000000000
667.700000000000
186.900000000000
317.900000000000
271.800000000000
321
183.600000000000
344.200000000000
67.3000000000000
194
647.500000000000
389.900000000000
292.800000000000
111.300000000000
181.900000000000
57.9000000000000
754
451.700000000000
265.700000000000
807.100000000000
408.800000000000
278.800000000000
146.500000000000
187.700000000000
449.900000000000
229.300000000000
372.600000000000
162.100000000000
368.800000000000
101.800000000000
360.400000000000
141.600000000000
788.600000000000
312.700000000000
211
261.800000000000
692.500000000000
284.800000000000
108.600000000000
336.800000000000
266.900000000000
155.400000000000
394.500000000000
292.200000000000
122.800000000000
577.300000000000
525.300000000000
103.500000000000
329.500000000000
556.100000000000
236.800000000000
339.800000000000
268.500000000000
266.200000000000
66.9000000000000
513.900000000000
706.400000000000
275.800000000000
304.800000000000
815.700000000000
253.600000000000
191.100000000000
522.700000000000
349
168.100000000000
50.9000000000000
166.900000000000
185.100000000000
580.400000000000
358
147.200000000000
259.800000000000
337.700000000000
228.900000000000
314.200000000000
187
177.200000000000
186
359.900000000000
204.600000000000
211.100000000000
276.700000000000
191.500000000000
238.900000000000
328.600000000000
378.600000000000
280
321.200000000000
228
222.400000000000
152.500000000000
475.300000000000
217.600000000000
613.600000000000
136.900000000000
319.900000000000
216.100000000000
284.800000000000
294.600000000000
100.700000000000
263.300000000000
190.600000000000
662
350.100000000000
138.400000000000
240.400000000000
223.600000000000
222.300000000000
302
410.400000000000
273.100000000000
406.300000000000
257.900000000000
373
239.800000000000
726.600000000000
378.800000000000
70.6000000000000
381.800000000000
633.800000000000
236.800000000000
113.100000000000
500.900000000000
126.500000000000
298.100000000000
651.900000000000
289.200000000000
100.600000000000
264.400000000000
350
207.900000000000