433.800000000000
389.500000000000
536.600000000000
656
629.700000000000
544.700000000000
621.100000000000
414.900000000000
657.100000000000
429.900000000000
461.700000000000
645.300000000000
571.800000000000
532.500000000000
362.800000000000
344.900000000000
392.600000000000
487.100000000000
606.800000000000
703.300000000000
267.700000000000
598.800000000000
426.400000000000
365.400000000000
421.900000000000
550.500000000000
645.700000000000
500.100000000000
55.9000000000000
316.400000000000
44.9000000000000
524.400000000000
674.300000000000
94.6000000000000
531.200000000000
19.3000000000000
659
540.100000000000
523.900000000000
480.800000000000
52.4000000000000
473.300000000000
629.700000000000
121.100000000000
35
146.900000000000
70.2000000000000
397.100000000000
424.800000000000
487.800000000000
69.9000000000000
463.900000000000
609.200000000000
306.900000000000
305
369.400000000000
91.5000000000000
26.1000000000000
489.700000000000
482.900000000000
586.800000000000
546.900000000000
476.400000000000
318.100000000000
44.4000000000000
36.5000000000000
599.400000000000
534.800000000000
38.6000000000000
479.300000000000
426.600000000000
366.400000000000
644.100000000000
58.1000000000000
692.700000000000
520.400000000000
504.700000000000
604.500000000000
595.300000000000
424
418.300000000000
463.300000000000
361.600000000000
442.400000000000
653.800000000000
639.100000000000
530.100000000000
398.800000000000
518.700000000000
556.900000000000
584.800000000000
585.600000000000
447.900000000000
504.600000000000
458
46.4000000000000
597.800000000000
494.800000000000
482.800000000000
503.100000000000
610.100000000000
499.600000000000
516.900000000000
534.300000000000
637.600000000000
290.500000000000
59
539.900000000000
537.900000000000
526.200000000000
507.200000000000
513.800000000000
520.500000000000
85.2000000000000
109
721.700000000000
265.500000000000
475.400000000000
546.700000000000
604.900000000000
320.100000000000
398.200000000000
383.500000000000
344.600000000000
668.700000000000
87.2000000000000
3.60000000000000
392.300000000000
360.800000000000
618.100000000000
438.500000000000
608.500000000000
560.300000000000
516.900000000000
505.600000000000
524.200000000000
435.200000000000
80.1000000000000
455.100000000000
70.2000000000000
364.900000000000
490.400000000000
415
591.400000000000
533
512.100000000000
416.500000000000
46.4000000000000
407.300000000000
607.100000000000
616.800000000000
650.300000000000
646.400000000000
672.900000000000
410.900000000000
17.1000000000000
499.900000000000
492.700000000000
506.800000000000
458.900000000000
523.800000000000
453
338.800000000000
399.700000000000
4.10000000000000
55.4000000000000
411.500000000000
475
331.300000000000
407.900000000000
24.9000000000000
598.500000000000
378.400000000000
465.200000000000
307
263.800000000000
579.200000000000
737.500000000000
450.300000000000
596.600000000000
466.600000000000
537.300000000000
459.400000000000
363.300000000000
503.900000000000
469.800000000000
594.200000000000
365.100000000000
516.900000000000
472.500000000000
636.400000000000
366.800000000000
511.500000000000
620.600000000000
593
608.800000000000
348.300000000000
604.400000000000
391.400000000000
369.700000000000
595.100000000000
301.800000000000
394.800000000000
481.900000000000
463.200000000000
789.600000000000
387.600000000000
542.500000000000
450.600000000000
507.300000000000
432.500000000000
412.900000000000
403.800000000000
546.300000000000
460.500000000000
583.100000000000
85.7000000000000
457.300000000000
495.100000000000
570.400000000000
376.300000000000
518.900000000000
716.300000000000
566.500000000000
534.300000000000
58.2000000000000
95.9000000000000
619.300000000000
389.600000000000
290.200000000000
446.200000000000
484.800000000000
97.3000000000000
538.500000000000
375.400000000000
608.500000000000
507.100000000000
648.100000000000
556.400000000000
464
576.900000000000
55.7000000000000
499.600000000000
388.400000000000
485.500000000000
419.500000000000
534.900000000000
387.400000000000
645.300000000000
609.500000000000
430
595.700000000000
588.500000000000
353.400000000000
441
509.700000000000
92.5000000000000
547.400000000000
21.9000000000000
576.500000000000
462.800000000000
620.400000000000
502.300000000000
385.700000000000
534.900000000000
497.300000000000
463.700000000000
84
540.300000000000
498.900000000000
651.400000000000
360.800000000000
362.600000000000
172.600000000000
568.200000000000
413.400000000000
532.200000000000
404.100000000000
635.300000000000
447
346.300000000000
417.800000000000
608.600000000000
96
478.700000000000
541.200000000000
75.9000000000000
602.400000000000
97
461.900000000000
52.9000000000000
496
356.200000000000
84.4000000000000
563.100000000000
42.8000000000000
582.200000000000
672.600000000000
537.600000000000
544.100000000000
366.200000000000
587.900000000000
107.900000000000
404.800000000000
684.300000000000
29.8000000000000
466.400000000000
634
472
447.500000000000
413.900000000000
597.800000000000
452.700000000000
371.300000000000
748.100000000000
386.400000000000
682.500000000000
480.300000000000
497
485
509
420.400000000000
525.700000000000
488.800000000000
454.700000000000
28.7000000000000
518.800000000000
117.500000000000
53.2000000000000
395.500000000000
627.400000000000
73.5000000000000
499.700000000000
389.400000000000
510.700000000000
371.700000000000
384.300000000000
552.700000000000
515.900000000000
568.100000000000
514.900000000000
53.5000000000000
726.900000000000
325.500000000000
510.400000000000
513.300000000000
412.400000000000
420
596
553.700000000000
450.200000000000
378.300000000000
578.100000000000
399.400000000000
435.200000000000
659.600000000000
487.700000000000
575.700000000000
427.900000000000
58.4000000000000
558.300000000000
461.100000000000
443
444.400000000000
599.400000000000
467.200000000000
482.500000000000
66.5000000000000
624
722.100000000000
398.900000000000
694.200000000000
489
420.700000000000
432.600000000000
428.900000000000
449
540.200000000000
98.7000000000000
505.900000000000
443.300000000000
482.300000000000
439
391.300000000000
8.90000000000000
436.600000000000
669.800000000000
527.100000000000
598.900000000000
6.10000000000000
764.900000000000
48.3000000000000
393.700000000000
426.900000000000
475.900000000000
527.800000000000
533.100000000000
462.100000000000
557.400000000000
463.500000000000
453.100000000000
452.900000000000
460.600000000000
651.500000000000
625.400000000000
680.100000000000
467.900000000000
493
498.300000000000
676.400000000000
653.200000000000
384.300000000000
601
455.400000000000
616.100000000000
11.4000000000000
536.800000000000
398.900000000000
410.200000000000
466.600000000000
368.300000000000
552.800000000000
538.100000000000
580.200000000000
453.100000000000
505.200000000000
8.40000000000000
556.700000000000
543.300000000000
543.500000000000
403.200000000000
526.700000000000
304.400000000000
507.100000000000
359.200000000000
67.6000000000000
492.500000000000
540.200000000000
513.500000000000
17.2000000000000
48.5000000000000
568.100000000000
390.300000000000
622.300000000000
569.700000000000
467.200000000000
638.500000000000
551.700000000000
632.900000000000
638.600000000000
433.900000000000
778
549.700000000000
604.800000000000
57
587.200000000000
693.700000000000
505.300000000000
505.900000000000
502
535.400000000000
614
376.700000000000
598.100000000000
659.900000000000
106.200000000000
694.800000000000
691.200000000000
99.5000000000000
549.200000000000
475.900000000000
489
591.700000000000
558.300000000000
445.800000000000
651.300000000000
562.900000000000
438.100000000000
379.300000000000
656.800000000000
425.700000000000
479.900000000000
563
15.2000000000000
413
621.600000000000
23.3000000000000
88.9000000000000
80.9000000000000
140.900000000000
447.100000000000
435.600000000000
412.400000000000
398.500000000000
396.700000000000
425.100000000000
372.600000000000
584.300000000000
557.200000000000
503.700000000000
639.800000000000
580.200000000000
683.600000000000
383.400000000000
28.7000000000000
57.7000000000000
507.700000000000
304.600000000000
82.5000000000000
505
565.500000000000
418.800000000000
597.800000000000
564.500000000000
482.400000000000
439.400000000000
21.4000000000000
536.500000000000
598
472.200000000000
553
341.800000000000
439.500000000000
670.800000000000
109.100000000000
39.6000000000000
17.8000000000000
423.700000000000
473.600000000000
482.100000000000
614.700000000000
456.600000000000
344
393.500000000000
463.600000000000
488.900000000000
485
534.800000000000
368.700000000000
570.800000000000
78.1000000000000
676.200000000000
292.800000000000
564.700000000000
492.500000000000
778.100000000000
589.700000000000
453.400000000000
241.100000000000
435.300000000000
71.4000000000000
272.200000000000
459.300000000000
436.200000000000
345.600000000000
422.800000000000
539
481
465.800000000000
497.300000000000
50.6000000000000
543.200000000000
386.900000000000
519.300000000000
434.800000000000
90.6000000000000
99.8000000000000
95
617.600000000000
112
548
453.900000000000
534
558.400000000000
401.100000000000
459.800000000000
448.300000000000
633.500000000000
529
475
552.100000000000
603.500000000000
717.400000000000
524.400000000000
489.600000000000
287.400000000000
64
453.600000000000
76.2000000000000
95.3000000000000
592.500000000000
571.300000000000
222.300000000000
611.500000000000
410.900000000000
64.7000000000000
386.800000000000
510
470.500000000000
379.600000000000
624.200000000000
609.400000000000
75.8000000000000
43.4000000000000
14.9000000000000
479.600000000000
501.800000000000
457.400000000000
375.200000000000
571.200000000000
460.700000000000
544
420.500000000000
48.4000000000000
506.900000000000
567.600000000000
469.300000000000
544.200000000000
412.300000000000
540.200000000000
326.500000000000
349.600000000000
587.500000000000
517.500000000000
443.300000000000
503.400000000000
386.300000000000
547.500000000000
98.9000000000000
455.100000000000
459.300000000000
554.500000000000
636.600000000000
71.2000000000000
656
564.900000000000
536.300000000000
481.700000000000
621
62.1000000000000
377
24.8000000000000
537.800000000000
95.7000000000000
482.600000000000
448.900000000000
753.700000000000
429.100000000000
464.500000000000
631.500000000000
485.100000000000
483.200000000000
500.500000000000
475.800000000000
573
388.900000000000
558.500000000000
457.300000000000
394.200000000000
475
503.500000000000
705.100000000000
472
548.800000000000
448.300000000000
467
594.100000000000
539.500000000000
529.700000000000
555
479.900000000000
574.200000000000
25.7000000000000
158
461.600000000000
330.600000000000
598.400000000000
462.600000000000
622.700000000000
602.900000000000
474.600000000000
497.700000000000
675.900000000000
602.400000000000
500.800000000000
300
12.7000000000000
605.200000000000
31.3000000000000
447.800000000000
351.600000000000
22.2000000000000
73.7000000000000
327.300000000000
590.900000000000
61.1000000000000
682.500000000000
93.2000000000000
443.600000000000
430
549.600000000000
8.30000000000000
6.30000000000000
464.200000000000
74.5000000000000
432.600000000000
562.300000000000
487.200000000000
17.7000000000000
523.100000000000
562.500000000000
457.700000000000
585.300000000000
476
576.200000000000
598.400000000000
516.300000000000
720.700000000000
371.100000000000
9.90000000000000
540.300000000000
536.700000000000
497.500000000000
709.300000000000
475.600000000000
595.300000000000
423
616.600000000000
493.100000000000
467.500000000000
401
456.300000000000
443.700000000000
461.800000000000
31.1000000000000
418.500000000000
494
26.6000000000000
555.900000000000
67.9000000000000
221
551.200000000000
585.700000000000
494.800000000000
78.7000000000000
471.600000000000
613.900000000000
492.800000000000
62.2000000000000
470
479.900000000000
590.500000000000
10.4000000000000
540.300000000000
428.100000000000
535.900000000000
451.300000000000
485.100000000000
605
484.300000000000
676.400000000000
597.800000000000
525
268.100000000000
475.200000000000
492.500000000000
40.4000000000000
422.100000000000
503.200000000000
404.500000000000
589
436
64.7000000000000
488.700000000000
90.5000000000000
459.200000000000
379.600000000000
527.400000000000
535.200000000000
79
503.800000000000
372.100000000000
84.4000000000000
266.700000000000
352.700000000000
633.100000000000
211.800000000000
62.2000000000000
18.3000000000000
389.900000000000
467.700000000000
459.100000000000
516.200000000000
423.500000000000
72.6000000000000
646.700000000000
127.300000000000
412.500000000000
68.9000000000000
366.200000000000
616.200000000000
619.900000000000
717.600000000000
538.300000000000
97.9000000000000
402.100000000000
278.900000000000
50.8000000000000
328.400000000000
541
472.500000000000
639.500000000000
517.700000000000
419.300000000000
429.600000000000
525.500000000000
81.7000000000000
576.500000000000
462.600000000000
439.400000000000
540.900000000000
404.600000000000
85.8000000000000
540
501.500000000000
391.500000000000
524.100000000000
527.800000000000
359.300000000000
497.500000000000
481
508.600000000000
395.100000000000
402
406.700000000000
19.9000000000000
551
470.400000000000
577.200000000000
395.100000000000
319.200000000000
69.4000000000000
560.900000000000
66.9000000000000
412.300000000000
624.600000000000
530.600000000000
528.200000000000
725.700000000000
514.600000000000
585.900000000000
112
644.200000000000
554.100000000000
399.500000000000
479.500000000000
601.600000000000
552.900000000000
588.400000000000
482
34.2000000000000
620.100000000000
495.200000000000
391.100000000000
302.100000000000
567
541.900000000000
479.100000000000
694.600000000000
384.800000000000
502.700000000000
520.400000000000
78.8000000000000
529.100000000000
562.400000000000
306.500000000000
553.600000000000
444.500000000000
294.300000000000
512.800000000000
465.900000000000
64.4000000000000
30.4000000000000
483.200000000000
467.200000000000
564
61.8000000000000
510.700000000000
562.800000000000
498.600000000000
620
478.900000000000
404.600000000000
539
339.400000000000
597
555.400000000000
217.100000000000
58.2000000000000
20.1000000000000
508.900000000000
450.400000000000
445
452.200000000000
409.900000000000
491.100000000000
466.200000000000
73.7000000000000
537.600000000000
528.500000000000
461.900000000000
464.300000000000
156.500000000000
699.800000000000
477.400000000000
20
482.100000000000
523.300000000000
537.200000000000
544.800000000000
631.300000000000
461.800000000000
501.200000000000
69.7000000000000
519
487
514.800000000000
429
18
508.400000000000
544.400000000000
158.400000000000
488.600000000000
495.400000000000
100
374.900000000000
24.8000000000000
647.100000000000
96.9000000000000
547.700000000000
62.5000000000000
606.900000000000
644.200000000000
388.800000000000
612.300000000000
556
462.100000000000
119.600000000000
65.1000000000000
65.1000000000000
551.700000000000
568.200000000000
569.100000000000
310.500000000000
235.900000000000
406
236.800000000000
527.200000000000
575.900000000000
488.900000000000
75.2000000000000
549.500000000000
513.100000000000
505.400000000000
560.400000000000
391.900000000000
462
374
584.200000000000
507.900000000000
536.400000000000
571.600000000000
641.800000000000
560.100000000000
680
561.300000000000
613.800000000000
264.200000000000
525.500000000000
496.400000000000
468.300000000000
493.600000000000
445.300000000000
447.400000000000
681.300000000000
398.500000000000
535.500000000000
500.300000000000
560.500000000000
433.800000000000
594.400000000000
97.6000000000000
11.5000000000000
61.2000000000000
505.300000000000
614.200000000000
339.500000000000
642.500000000000
467.100000000000
670.500000000000