581.500000000000
167.400000000000
88.9000000000000
385.600000000000
33.1000000000000
704.700000000000
488.600000000000
457.100000000000
566.600000000000
932.400000000000
590.900000000000
644.700000000000
512.100000000000
639.900000000000
445.600000000000
555.600000000000
594.700000000000
800.600000000000
608.100000000000
551.800000000000
628.600000000000
73.1000000000000
673.800000000000
610.700000000000
809
593.600000000000
250.900000000000
553.800000000000
871.900000000000
131.600000000000
230.900000000000
35.3000000000000
694.900000000000
647.200000000000
623.200000000000
480.900000000000
613.500000000000
222.500000000000
494.500000000000
226.700000000000
677.100000000000
361.700000000000
749.700000000000
606.700000000000
504.100000000000
593.300000000000
180.400000000000
559.600000000000
234.500000000000
621
644.700000000000
25.7000000000000
694.500000000000
527.400000000000
132.100000000000
95.7000000000000
346.600000000000
304.900000000000
531.300000000000
544.200000000000
956.600000000000
739.500000000000
78.8000000000000
60.8000000000000
522.800000000000
593.100000000000
540.300000000000
584.900000000000
500.100000000000
441.200000000000
689.900000000000
670.300000000000
618
883.500000000000
15.6000000000000
605.100000000000
677.400000000000
206.300000000000
892.200000000000
170.600000000000
87
769.900000000000
267.800000000000
707
770.300000000000
543.500000000000
11.1000000000000
901.800000000000
67.9000000000000
467.800000000000
706.900000000000
748.100000000000
789.900000000000
815.300000000000
578.400000000000
552.300000000000
6.30000000000000
864
627.400000000000
892.200000000000
399.300000000000
906.500000000000
162.700000000000
120
167.100000000000
496
60.9000000000000
478.100000000000
553.500000000000
631.200000000000
135.200000000000
566.100000000000
528.200000000000
406.200000000000
592.900000000000
360.900000000000
550.100000000000
79.2000000000000
478.800000000000
592.300000000000
643.600000000000
610.500000000000
426
869.200000000000
834.100000000000
542.700000000000
565.300000000000
54.1000000000000
458.500000000000
512.400000000000
986.400000000000
3.30000000000000
639.600000000000
587.200000000000
582.700000000000
663.300000000000
600.400000000000
265.600000000000
622
584.900000000000
621.900000000000
34.7000000000000
720.500000000000
179.200000000000
913.700000000000
381.800000000000
530.400000000000
188.800000000000
496.100000000000
307.600000000000
518.300000000000
475.200000000000
671.400000000000
616.700000000000
657.300000000000
499.500000000000
0.500000000000000
606
756.900000000000
42.4000000000000
999.500000000000
523.700000000000
653.700000000000
412.600000000000
169.800000000000
226
190
361.500000000000
889.400000000000
84.5000000000000
754
513.700000000000
619.700000000000
463.900000000000
32.2000000000000
665.200000000000
54.1000000000000
757.100000000000
191.500000000000
650
612.600000000000
156.300000000000
110.700000000000
629.900000000000
661.100000000000
943.400000000000
842.500000000000
509.600000000000
535.600000000000
260.400000000000
47.8000000000000
575.500000000000
850.700000000000
44.1000000000000
193.200000000000
567.700000000000
66.7000000000000
145.500000000000
461.200000000000
556.800000000000
818.800000000000
648.700000000000
552.300000000000
608.600000000000
566.900000000000
669.100000000000
601.600000000000
53.2000000000000
600.300000000000
640.800000000000
709.100000000000
410.500000000000
749.300000000000
908.200000000000
862.300000000000
445
22.8000000000000
104.300000000000
634.400000000000
880.800000000000
795.500000000000
508
61
685.700000000000
466
562.100000000000
683.200000000000
181.300000000000
860.300000000000
917.400000000000
584.200000000000
593.900000000000
495
874.100000000000
670.900000000000
654.100000000000
160.300000000000
934.100000000000
609.100000000000
591.200000000000
617.900000000000
80
686.700000000000
928.800000000000
265.200000000000
571.700000000000
423.800000000000
614.800000000000
545.900000000000
637.300000000000
576.700000000000
435.400000000000
3
574.300000000000
529.100000000000
548.500000000000
435.200000000000
528.600000000000
974.700000000000
725.700000000000
559.600000000000
482.900000000000
476.800000000000
922.200000000000
857.300000000000
91.5000000000000
207.400000000000
582.800000000000
896.400000000000
728.100000000000
99.2000000000000
712.600000000000
610.400000000000
892.400000000000
119.700000000000
569.100000000000
768.500000000000
873.800000000000
665.100000000000
519
82
614.600000000000
607
662.800000000000
582.700000000000
698.400000000000
926.500000000000
679.600000000000
528.300000000000
103.300000000000
645.700000000000
732.700000000000
524.400000000000
421.200000000000
556
668
651.100000000000
629.600000000000
565.300000000000
583.900000000000
593.400000000000
634.100000000000
981.200000000000
583.100000000000
153.100000000000
595.300000000000
87.6000000000000
166
54.8000000000000
587.600000000000
4.70000000000000
91.6000000000000
776.400000000000
106.800000000000
884.100000000000
195
540.300000000000
614.500000000000
690.300000000000
467.500000000000
891.800000000000
328.100000000000
881.400000000000
666.600000000000
155.200000000000
532.100000000000
619.200000000000
617.300000000000
625.200000000000
235
875.700000000000
187.500000000000
460.400000000000
523.900000000000
528.700000000000
679.400000000000
170.100000000000
655.200000000000
517.700000000000
543
740.300000000000
591.500000000000
613.700000000000
417.600000000000
555.400000000000
623.300000000000
285.700000000000
629.400000000000
528.500000000000
504.600000000000
628.800000000000
60.6000000000000
769
471.200000000000
622
124.800000000000
59.5000000000000
121.400000000000
471.500000000000
494
58.9000000000000
198.500000000000
64.7000000000000
943.600000000000
703.100000000000
193.100000000000
186.700000000000
134.800000000000
687.800000000000
536.700000000000
827.100000000000
39.9000000000000
434.600000000000
667.600000000000
215.100000000000
161.900000000000
947.600000000000
478.500000000000
742.100000000000
496.400000000000
713.200000000000
628.100000000000
638.900000000000
773
727.800000000000
240.500000000000
822.400000000000
518.700000000000
203.300000000000
740.500000000000
667.700000000000
634.700000000000
604.600000000000
585.200000000000
866
601.800000000000
484.700000000000
178
599.400000000000
685.100000000000
689.800000000000
23.6000000000000
682.900000000000
687.500000000000
229.700000000000
843.400000000000
891.700000000000
162
965.200000000000
572.700000000000
176.700000000000
700.500000000000
82.9000000000000
833.800000000000
548.500000000000
502.900000000000
571.900000000000
666.800000000000
900.900000000000
740.700000000000
580.200000000000
80.2000000000000
627.600000000000
450.500000000000
184.400000000000
964.100000000000
795.400000000000
536.200000000000
77.4000000000000
747.400000000000
919.900000000000
124.400000000000
587.500000000000
565.200000000000
479.700000000000
656.100000000000
608.700000000000
893.600000000000
478
210.700000000000
95.6000000000000
755.400000000000
513.700000000000
801.400000000000
103
596.600000000000
883.400000000000
820.300000000000
656.300000000000
431.400000000000
187.400000000000
137.400000000000
954.500000000000
28.6000000000000
920.500000000000
309.400000000000
505
795.300000000000
53.5000000000000
669.100000000000
441.900000000000
569.400000000000
583
559.400000000000
149.100000000000
62.7000000000000
626
586.700000000000
634.300000000000
512.800000000000
557.600000000000
861.400000000000
457.600000000000
643.900000000000
535.900000000000
536.700000000000
521.900000000000
946.200000000000
865.200000000000
501.100000000000
608.100000000000
607.600000000000
594.400000000000
550.800000000000
816.700000000000
632.200000000000
773.200000000000
86.6000000000000
505.300000000000
671.800000000000
49.4000000000000
816.100000000000
697.500000000000
476.100000000000
190
398.600000000000
499.800000000000
681.900000000000
170.400000000000
128.300000000000
675.100000000000
645.600000000000
727.100000000000
142.400000000000
568.100000000000
596.800000000000
239.800000000000
119.400000000000
423.200000000000
608.800000000000
318.100000000000
656.800000000000
223.900000000000
586.700000000000
152.800000000000
578.500000000000
52.6000000000000
910.100000000000
600
546.300000000000
625.200000000000
749.500000000000
962.100000000000
744.200000000000
672.600000000000
608
660
506.900000000000
194.200000000000
681.800000000000
951.700000000000
397.300000000000
580.500000000000
451.300000000000
486.400000000000
597.900000000000
436.600000000000
673.600000000000
115.700000000000
151.200000000000
127.300000000000
639.600000000000
696.500000000000
752.200000000000
532.500000000000
623.100000000000
945.400000000000
572.100000000000
638.600000000000
623.700000000000
590.600000000000
674.300000000000
560.600000000000
618.200000000000
703.300000000000
102.200000000000
515.100000000000
519.800000000000
206.500000000000
86.5000000000000
593.100000000000
195.400000000000
24.1000000000000
613
94.6000000000000
492.700000000000
604.700000000000
182
603.900000000000
754.800000000000
889.100000000000
157.200000000000
173.100000000000
122
574.300000000000
196.900000000000
880.300000000000
10.8000000000000
76.2000000000000
509.500000000000
340.500000000000
174.200000000000
809.700000000000
613.100000000000
191
695.600000000000
829.400000000000
447
622.400000000000
269.300000000000
531.800000000000
621.500000000000
567.900000000000
658.600000000000
593.100000000000
755.900000000000
712.800000000000
481.900000000000
713.800000000000
530.800000000000
515.700000000000
473.300000000000
657
881.300000000000
534.900000000000
640.700000000000
723.700000000000
981
105.700000000000
489.700000000000
741.400000000000
514.800000000000
600.100000000000
133
179
67.8000000000000
196.400000000000
256
853.400000000000
462.600000000000
110.300000000000
542.800000000000
646.500000000000
451.900000000000
671.200000000000
6.10000000000000
551.600000000000
482.800000000000
246.900000000000
615
888.900000000000
536
634
622.200000000000
184.300000000000
857.700000000000
645.400000000000
888.400000000000
733.900000000000
586.700000000000
606.800000000000
798.300000000000
148.100000000000
597.600000000000
270
132.700000000000
579.600000000000
942.300000000000
643.900000000000
156.200000000000
564
71.3000000000000
470.400000000000
641.600000000000
642.100000000000
757.800000000000
941.300000000000
692.800000000000
629.400000000000
622.300000000000
690.800000000000
551.700000000000
920.300000000000
444.100000000000
500.900000000000
182.100000000000
113.400000000000
642.400000000000
13.7000000000000
576.900000000000
646.400000000000
715.600000000000
912.800000000000
925.800000000000
620
518.800000000000
494.600000000000
714.900000000000
766.300000000000
678.500000000000
571.800000000000
466.500000000000
474.100000000000
216.200000000000
79.4000000000000
778
940.600000000000
35.5000000000000
688.700000000000
528.300000000000
593.400000000000
179.400000000000
785.300000000000
616.300000000000
87.6000000000000
476.900000000000
420.900000000000
651
162.900000000000
551.900000000000
22.3000000000000
612.400000000000
677.200000000000
631.900000000000
840
580.100000000000
14.3000000000000
629.400000000000
967.600000000000
619.100000000000
470
800.400000000000
629.300000000000
751.600000000000
1.40000000000000
186.100000000000
742.200000000000
819.800000000000
723.100000000000
570.300000000000
292.300000000000
750
558.100000000000
509.800000000000
733.800000000000
595.200000000000
390.100000000000
596.400000000000
826.300000000000
611
644.900000000000
868.500000000000
817.600000000000
684.100000000000
941.200000000000
589.200000000000
567.500000000000
57.9000000000000
534.200000000000
721.200000000000
404.600000000000
574.400000000000
173.500000000000
47.2000000000000
692.800000000000
929.400000000000
625.600000000000
880.100000000000
535.800000000000
919.400000000000
215.500000000000
73.2000000000000
453.500000000000
112.700000000000
580.900000000000
35
662.800000000000
468
543.400000000000
608.700000000000
306.200000000000
193.400000000000
57.6000000000000
633
612.100000000000
752
617.800000000000
594.400000000000
526.200000000000
625.800000000000
497.600000000000
651.600000000000
190.400000000000
537.600000000000
691.400000000000
439.400000000000
661
618.800000000000
164.900000000000
619.400000000000
590.700000000000
783.900000000000
895.100000000000
470.500000000000
91.3000000000000
702.400000000000
135.300000000000
947.300000000000
513.800000000000
733.400000000000
605.900000000000
542.300000000000
561.800000000000
175.900000000000
220.800000000000
119.100000000000
910.300000000000
579.200000000000
692.700000000000
447.400000000000
659.300000000000
139
502.300000000000
476.200000000000
637.500000000000
386
565.100000000000
222.900000000000
26.3000000000000
792.100000000000
39.6000000000000
677.300000000000
130.900000000000
614
450.600000000000
545.300000000000
88.1000000000000
620.200000000000
469
145.400000000000
115.900000000000
714.300000000000
122.200000000000
850.800000000000
611.100000000000
162.300000000000
857.300000000000
504
473.500000000000
428
660.500000000000
954.900000000000
613.400000000000
572.200000000000
656.200000000000
100.400000000000
966.700000000000
230.300000000000
934.800000000000
590.300000000000
174.400000000000
190.400000000000
508.500000000000
639.300000000000
600.100000000000
135.300000000000
495
220.200000000000
863
672.900000000000
872.600000000000
691.300000000000
549.900000000000
710.200000000000
214.800000000000
308.700000000000
501
257.800000000000
562.400000000000
647
512.600000000000
569.900000000000
178.900000000000
343
154.700000000000
149.900000000000
539.700000000000
983.700000000000
156.400000000000
589.200000000000
876.200000000000
633
744.500000000000
509.700000000000
598.800000000000
375.100000000000
216.700000000000
882.300000000000
748.400000000000
604.700000000000
569.500000000000
31.8000000000000
505.800000000000
568.600000000000
567
634.800000000000
647
625
903.800000000000
630.400000000000
711.200000000000
770.900000000000
529.800000000000
702.600000000000
452.200000000000
684.500000000000
657.100000000000
709.900000000000
623
557.600000000000
536.100000000000
569.300000000000
503.600000000000
663.300000000000
603.900000000000
611.400000000000
183.300000000000
648
118.800000000000
500.600000000000
39.5000000000000
886.200000000000
597.900000000000
741.500000000000
899.500000000000
77.1000000000000
128.200000000000
929.200000000000
563.700000000000
636.300000000000
541.600000000000
880.600000000000
652
642.200000000000
633.400000000000
584.300000000000
154.700000000000
933.200000000000
674.700000000000
327.200000000000
616.500000000000
810.500000000000
723
631.200000000000
684.500000000000
715.300000000000
253.700000000000
673.100000000000
581.200000000000
850
563
626.400000000000
199.200000000000
99.1000000000000
178.600000000000
9
471.800000000000
882.600000000000
679.500000000000
901.200000000000
665.700000000000
649.600000000000
562.100000000000
924.900000000000
900.100000000000
75
590.500000000000
687.700000000000
671.800000000000
366
490.700000000000
361.500000000000
560.900000000000
504.600000000000
685.800000000000
515
952.600000000000
668.100000000000
485.800000000000
127.400000000000
21.2000000000000
36.5000000000000
46.6000000000000
644.800000000000
686.500000000000
590.900000000000
140.700000000000
655.200000000000
601.200000000000
775.100000000000
757.900000000000
735.700000000000
692.300000000000
467.800000000000
754.600000000000
651.300000000000
617.800000000000
533.700000000000
513.200000000000
525.700000000000
500.600000000000
163.100000000000
892.200000000000
659.600000000000
261.600000000000
276.900000000000
889.400000000000
80.8000000000000
445.900000000000
529.600000000000